0	0.50875
0.01	0.517497
0.02	0.526237
0.03	0.534963
0.04	0.54367
0.05	0.552353
0.06	0.561007
0.07	0.569627
0.08	0.578207
0.09	0.586743
0.1	0.59523
0.11	0.603662
0.12	0.612036
0.13	0.620347
0.14	0.62859
0.15	0.636761
0.16	0.644857
0.17	0.652872
0.18	0.660804
0.19	0.668649
0.2	0.676404
0.21	0.684065
0.22	0.691629
0.23	0.699094
0.24	0.706456
0.25	0.713714
0.26	0.720866
0.27	0.727908
0.28	0.73484
0.29	0.74166
0.3	0.748366
0.31	0.754957
0.32	0.761432
0.33	0.76779
0.34	0.77403
0.35	0.780152
0.36	0.786155
0.37	0.792039
0.38	0.797804
0.39	0.80345
0.4	0.808977
0.41	0.814386
0.42	0.819676
0.43	0.824849
0.44	0.829906
0.45	0.834847
0.46	0.839672
0.47	0.844384
0.48	0.848983
0.49	0.853471
0.5	0.857848
0.51	0.862116
0.52	0.866276
0.53	0.870331
0.54	0.874281
0.55	0.878128
0.56	0.881873
0.57	0.885519
0.58	0.889067
0.59	0.892519
0.6	0.895877
0.61	0.899142
0.62	0.902316
0.63	0.905401
0.64	0.908398
0.65	0.911311
0.66	0.91414
0.67	0.916887
0.68	0.919554
0.69	0.922143
0.7	0.924656
0.71	0.927094
0.72	0.92946
0.73	0.931755
0.74	0.93398
0.75	0.936138
0.76	0.938231
0.77	0.940259
0.78	0.942225
0.79	0.94413
0.8	0.945977
0.81	0.947765
0.82	0.949498
0.83	0.951176
0.84	0.952802
0.85	0.954376
0.86	0.9559
0.87	0.957375
0.88	0.958803
0.89	0.960186
0.9	0.961524
0.91	0.962819
0.92	0.964072
0.93	0.965284
0.94	0.966457
0.95	0.967592
0.96	0.968689
0.97	0.969751
0.98	0.970777
0.99	0.97177
1	0.97273
1.01	0.973659
1.02	0.974556
1.03	0.975424
1.04	0.976263
1.05	0.977074
1.06	0.977858
1.07	0.978616
1.08	0.979349
1.09	0.980057
1.1	0.980741
1.11	0.981402
1.12	0.982041
1.13	0.982658
1.14	0.983254
1.15	0.983831
1.16	0.984387
1.17	0.984925
1.18	0.985445
1.19	0.985947
1.2	0.986432
1.21	0.9869
1.22	0.987353
1.23	0.98779
1.24	0.988212
1.25	0.98862
1.26	0.989013
1.27	0.989394
1.28	0.989761
1.29	0.990116
1.3	0.990458
1.31	0.990789
1.32	0.991108
1.33	0.991417
1.34	0.991715
1.35	0.992002
1.36	0.99228
1.37	0.992548
1.38	0.992807
1.39	0.993057
1.4	0.993298
1.41	0.993531
1.42	0.993756
1.43	0.993973
1.44	0.994183
1.45	0.994385
1.46	0.994581
1.47	0.994769
1.48	0.994952
1.49	0.995127
1.5	0.995297
1.51	0.995461
1.52	0.995619
1.53	0.995772
1.54	0.995919
1.55	0.996061
1.56	0.996199
1.57	0.996331
1.58	0.996459
1.59	0.996583
1.6	0.996702
1.61	0.996817
1.62	0.996928
1.63	0.997035
1.64	0.997139
1.65	0.997238
1.66	0.997335
1.67	0.997428
1.68	0.997518
1.69	0.997604
1.7	0.997688
1.71	0.997769
1.72	0.997847
1.73	0.997922
1.74	0.997994
1.75	0.998064
1.76	0.998132
1.77	0.998197
1.78	0.99826
1.79	0.998321
1.8	0.99838
1.81	0.998436
1.82	0.998491
1.83	0.998544
1.84	0.998595
1.85	0.998644
1.86	0.998691
1.87	0.998737
1.88	0.998781
1.89	0.998824
1.9	0.998865
1.91	0.998904
1.92	0.998943
1.93	0.99898
1.94	0.999015
1.95	0.99905
1.96	0.999083
1.97	0.999115
1.98	0.999146
1.99	0.999176
2	0.999205
2.01	0.999233
2.02	0.999259
2.03	0.999285
2.04	0.99931
2.05	0.999334
2.06	0.999358
2.07	0.99938
2.08	0.999402
2.09	0.999423
2.1	0.999443
2.11	0.999462
2.12	0.999481
2.13	0.999499
2.14	0.999517
2.15	0.999534
2.16	0.99955
2.17	0.999566
2.18	0.999581
2.19	0.999596
2.2	0.99961
2.21	0.999624
2.22	0.999637
2.23	0.999649
2.24	0.999662
2.25	0.999673
2.26	0.999685
2.27	0.999696
2.28	0.999707
2.29	0.999717
2.3	0.999727
2.31	0.999736
2.32	0.999746
2.33	0.999754
2.34	0.999763
2.35	0.999771
2.36	0.999779
2.37	0.999787
2.38	0.999795
2.39	0.999802
2.4	0.999809
2.41	0.999815
2.42	0.999822
2.43	0.999828
2.44	0.999834
2.45	0.99984
2.46	0.999845
2.47	0.999851
2.48	0.999856
2.49	0.999861
2.5	0.999866
2.51	0.999871
2.52	0.999875
2.53	0.99988
2.54	0.999884
2.55	0.999888
2.56	0.999892
2.57	0.999896
2.58	0.999899
2.59	0.999903
2.6	0.999906
2.61	0.999909
2.62	0.999913
2.63	0.999916
2.64	0.999919
2.65	0.999921
2.66	0.999924
2.67	0.999927
2.68	0.999929
2.69	0.999932
2.7	0.999934
2.71	0.999937
2.72	0.999939
2.73	0.999941
2.74	0.999943
2.75	0.999945
2.76	0.999947
2.77	0.999949
2.78	0.999951
2.79	0.999952
2.8	0.999954
2.81	0.999956
2.82	0.999957
2.83	0.999959
2.84	0.99996
2.85	0.999961
2.86	0.999963
2.87	0.999964
2.88	0.999965
2.89	0.999967
2.9	0.999968
2.91	0.999969
2.92	0.99997
2.93	0.999971
2.94	0.999972
2.95	0.999973
2.96	0.999974
2.97	0.999975
2.98	0.999976
2.99	0.999977
3	0.999977
3.01	0.999978
3.02	0.999979
3.03	0.99998
3.04	0.99998
3.05	0.999981
3.06	0.999982
3.07	0.999982
3.08	0.999983
3.09	0.999984
3.1	0.999984
3.11	0.999985
3.12	0.999985
3.13	0.999986
3.14	0.999986
3.15	0.999987
3.16	0.999987
3.17	0.999988
3.18	0.999988
3.19	0.999989
3.2	0.999989
3.21	0.999989
3.22	0.99999
3.23	0.99999
3.24	0.99999
3.25	0.999991
3.26	0.999991
3.27	0.999991
3.28	0.999992
3.29	0.999992
3.3	0.999992
3.31	0.999993
3.32	0.999993
3.33	0.999993
3.34	0.999993
3.35	0.999994
3.36	0.999994
3.37	0.999994
3.38	0.999994
3.39	0.999994
3.4	0.999995
3.41	0.999995
3.42	0.999995
3.43	0.999995
3.44	0.999995
3.45	0.999995
3.46	0.999996
3.47	0.999996
3.48	0.999996
3.49	0.999996
3.5	0.999996
3.51	0.999996
3.52	0.999996
3.53	0.999997
3.54	0.999997
3.55	0.999997
3.56	0.999997
3.57	0.999997
3.58	0.999997
3.59	0.999997
3.6	0.999997
3.61	0.999997
3.62	0.999998
3.63	0.999998
3.64	0.999998
3.65	0.999998
3.66	0.999998
3.67	0.999998
3.68	0.999998
3.69	0.999998
3.7	0.999998
3.71	0.999998
3.72	0.999998
3.73	0.999998
3.74	0.999998
3.75	0.999998
3.76	0.999998
3.77	0.999999
3.78	0.999999
3.79	0.999999
3.8	0.999999
3.81	0.999999
3.82	0.999999
3.83	0.999999
3.84	0.999999
3.85	0.999999
3.86	0.999999
3.87	0.999999
3.88	0.999999
3.89	0.999999
3.9	0.999999
3.91	0.999999
3.92	0.999999
3.93	0.999999
3.94	0.999999
3.95	0.999999
3.96	0.999999
3.97	0.999999
3.98	0.999999
3.99	0.999999
4	0.999999
4.01	0.999999
4.02	0.999999
4.03	0.999999
4.04	0.999999
4.05	0.999999
4.06	0.999999
4.07	1
4.08	1
4.09	1
4.1	1
4.11	1
4.12	1
4.13	1
4.14	1
4.15	1
4.16	1
4.17	1
4.18	1
4.19	1
4.2	1
4.21	1
4.22	1
4.23	1
4.24	1
4.25	1
4.26	1
4.27	1
4.28	1
4.29	1
4.3	1
4.31	1
4.32	1
4.33	1
4.34	1
4.35	1
4.36	1
4.37	1
4.38	1
4.39	1
4.4	1
4.41	1
4.42	1
4.43	1
4.44	1
4.45	1
4.46	1
4.47	1
4.48	1
4.49	1
4.5	1
4.51	1
4.52	1
4.53	1
4.54	1
4.55	1
4.56	1
4.57	1
4.58	1
4.59	1
4.6	1
4.61	1
4.62	1
4.63	1
4.64	1
4.65	1
4.66	1
4.67	1
4.68	1
4.69	1
4.7	1
4.71	1
4.72	1
4.73	1
4.74	1
4.75	1
4.76	1
4.77	1
4.78	1
4.79	1
4.8	1
4.81	1
4.82	1
4.83	1
4.84	1
4.85	1
4.86	1
4.87	1
4.88	1
4.89	1
4.9	1
4.91	1
4.92	1
4.93	1
4.94	1
4.95	1
4.96	1
4.97	1
4.98	1
4.99	1
5	1
5.01	1
5.02	1
5.03	1
5.04	1
5.05	1
5.06	1
5.07	1
5.08	1
5.09	1
5.1	1
5.11	1
5.12	1
5.13	1
5.14	1
5.15	1
5.16	1
5.17	1
5.18	1
5.19	1
5.2	1
5.21	1
5.22	1
5.23	1
5.24	1
5.25	1
5.26	1
5.27	1
5.28	1
5.29	1
5.3	1
5.31	1
5.32	1
5.33	1
5.34	1
5.35	1
5.36	1
5.37	1
5.38	1
5.39	1
5.4	1
5.41	1
5.42	1
5.43	1
5.44	1
5.45	1
5.46	1
5.47	1
5.48	1
5.49	1
5.5	1
5.51	1
5.52	1
5.53	1
5.54	1
5.55	1
5.56	1
5.57	1
5.58	1
5.59	1
5.6	1
5.61	1
5.62	1
5.63	1
5.64	1
5.65	1
5.66	1
5.67	1
5.68	1
5.69	1
5.7	1
5.71	1
5.72	1
5.73	1
5.74	1
5.75	1
5.76	1
5.77	1
5.78	1
5.79	1
5.8	1
5.81	1
5.82	1
5.83	1
5.84	1
5.85	1
5.86	1
5.87	1
5.88	1
5.89	1
5.9	1
5.91	1
5.92	1
5.93	1
5.94	1
5.95	1
5.96	1
5.97	1
5.98	1
5.99	1
6	1
6.01	1
6.02	1
6.03	1
6.04	1
6.05	1
6.06	1
6.07	1
6.08	1
6.09	1
6.1	1
6.11	1
6.12	1
6.13	1
6.14	1
6.15	1
6.16	1
6.17	1
6.18	1
6.19	1
6.2	1
6.21	1
6.22	1
6.23	1
6.24	1
6.25	1
6.26	1
6.27	1
6.28	1
6.29	1
6.3	1
6.31	1
6.32	1
6.33	1
6.34	1
6.35	1
6.36	1
6.37	1
6.38	1
6.39	1
6.4	1
6.41	1
6.42	1
6.43	1
6.44	1
6.45	1
6.46	1
6.47	1
6.48	1
6.49	1
6.5	1
6.51	1
6.52	1
6.53	1
6.54	1
6.55	1
6.56	1
6.57	1
6.58	1
6.59	1
6.6	1
6.61	1
6.62	1
6.63	1
6.64	1
6.65	1
6.66	1
6.67	1
6.68	1
6.69	1
6.7	1
6.71	1
6.72	1
6.73	1
6.74	1
6.75	1
6.76	1
6.77	1
6.78	1
6.79	1
6.8	1
6.81	1
6.82	1
6.83	1
6.84	1
6.85	1
6.86	1
6.87	1
6.88	1
6.89	1
6.9	1
6.91	1
6.92	1
6.93	1
6.94	1
6.95	1
6.96	1
6.97	1
6.98	1
6.99	1
7	1
7.01	1
7.02	1
7.03	1
7.04	1
7.05	1
7.06	1
7.07	1
7.08	1
7.09	1
7.1	1
7.11	1
7.12	1
7.13	1
7.14	1
7.15	1
7.16	1
7.17	1
7.18	1
7.19	1
7.2	1
7.21	1
7.22	1
7.23	1
7.24	1
7.25	1
7.26	1
7.27	1
7.28	1
7.29	1
7.3	1
7.31	1
7.32	1
7.33	1
7.34	1
7.35	1
7.36	1
7.37	1
7.38	1
7.39	1
7.4	1
7.41	1
7.42	1
7.43	1
7.44	1
7.45	1
7.46	1
7.47	1
7.48	1
7.49	1
7.5	1
7.51	1
7.52	1
7.53	1
7.54	1
7.55	1
7.56	1
7.57	1
7.58	1
7.59	1
7.6	1
7.61	1
7.62	1
7.63	1
7.64	1
7.65	1
7.66	1
7.67	1
7.68	1
7.69	1
7.7	1
7.71	1
7.72	1
7.73	1
7.74	1
7.75	1
7.76	1
7.77	1
7.78	1
7.79	1
7.8	1
7.81	1
7.82	1
7.83	1
7.84	1
7.85	1
7.86	1
7.87	1
7.88	1
7.89	1
7.9	1
7.91	1
7.92	1
7.93	1
7.94	1
7.95	1
7.96	1
7.97	1
7.98	1
7.99	1
8	1
8.01	1
8.02	1
8.03	1
8.04	1
8.05	1
8.06	1
8.07	1
8.08	1
8.09	1
8.1	1
8.11	1
8.12	1
8.13	1
8.14	1
8.15	1
8.16	1
8.17	1
8.18	1
8.19	1
8.2	1
8.21	1
8.22	1
8.23	1
8.24	1
8.25	1
8.26	1
8.27	1
8.28	1
8.29	1
8.3	1
8.31	1
8.32	1
8.33	1
8.34	1
8.35	1
8.36	1
8.37	1
8.38	1
8.39	1
8.4	1
8.41	1
8.42	1
8.43	1
8.44	1
8.45	1
8.46	1
8.47	1
8.48	1
8.49	1
8.5	1
8.51	1
8.52	1
8.53	1
8.54	1
8.55	1
8.56	1
8.57	1
8.58	1
8.59	1
8.6	1
8.61	1
8.62	1
8.63	1
8.64	1
8.65	1
8.66	1
8.67	1
8.68	1
8.69	1
8.7	1
8.71	1
8.72	1
8.73	1
8.74	1
8.75	1
8.76	1
8.77	1
8.78	1
8.79	1
8.8	1
8.81	1
8.82	1
8.83	1
8.84	1
8.85	1
8.86	1
8.87	1
8.88	1
8.89	1
8.9	1
8.91	1
8.92	1
8.93	1
8.94	1
8.95	1
8.96	1
8.97	1
8.98	1
8.99	1
9	1
9.01	1
9.02	1
9.03	1
9.04	1
9.05	1
9.06	1
9.07	1
9.08	1
9.09	1
9.1	1
9.11	1
9.12	1
9.13	1
9.14	1
9.15	1
9.16	1
9.17	1
9.18	1
9.19	1
9.2	1
9.21	1
9.22	1
9.23	1
9.24	1
9.25	1
9.26	1
9.27	1
9.28	1
9.29	1
9.3	1
9.31	1
9.32	1
9.33	1
9.34	1
9.35	1
9.36	1
9.37	1
9.38	1
9.39	1
9.4	1
9.41	1
9.42	1
9.43	1
9.44	1
9.45	1
9.46	1
9.47	1
9.48	1
9.49	1
9.5	1
9.51	1
9.52	1
9.53	1
9.54	1
9.55	1
9.56	1
9.57	1
9.58	1
9.59	1
9.6	1
9.61	1
9.62	1
9.63	1
9.64	1
9.65	1
9.66	1
9.67	1
9.68	1
9.69	1
9.7	1
9.71	1
9.72	1
9.73	1
9.74	1
9.75	1
9.76	1
9.77	1
9.78	1
9.79	1
9.8	1
9.81	1
9.82	1
9.83	1
9.84	1
9.85	1
9.86	1
9.87	1
9.88	1
9.89	1
9.9	1
9.91	1
9.92	1
9.93	1
9.94	1
9.95	1
9.96	1
9.97	1
9.98	1
9.99	1
10	1
