-10 -87
-9.9 -86.1
-9.8 -85.2
-9.7 -84.3
-9.6 -83.4
-9.5 -82.5
-9.4 -81.6
-9.3 -80.7
-9.2 -79.8
-9.1 -78.9
-9 -78
-8.9 -77.1
-8.8 -76.2
-8.7 -75.3
-8.6 -74.4
-8.5 -73.5
-8.4 -72.6
-8.3 -71.7
-8.2 -70.8
-8.1 -69.9
-8 -69
-7.9 -68.1
-7.8 -67.2
-7.7 -66.3
-7.6 -65.4
-7.5 -64.5
-7.4 -63.6
-7.3 -62.7
-7.2 -61.8
-7.1 -60.9
-7 -60
-6.9 -59.1
-6.8 -58.2
-6.7 -57.3
-6.6 -56.4
-6.5 -55.5
-6.4 -54.6
-6.3 -53.7
-6.2 -52.8
-6.1 -51.9
-6 -51
-5.9 -50.1
-5.8 -49.2
-5.7 -48.3
-5.6 -47.4
-5.5 -46.5
-5.4 -45.6
-5.3 -44.7
-5.2 -43.8
-5.1 -42.9
-5 -42
-4.9 -41.1
-4.8 -40.2
-4.7 -39.3
-4.6 -38.4
-4.5 -37.5
-4.4 -36.6
-4.3 -35.7
-4.2 -34.8
-4.1 -33.9
-4 -33
-3.9 -32.1
-3.8 -31.2
-3.7 -30.3
-3.6 -29.4
-3.5 -28.5
-3.4 -27.6
-3.3 -26.7
-3.2 -25.8
-3.1 -24.9
-3 -24
-2.9 -23.1
-2.8 -22.2
-2.7 -21.3
-2.6 -20.4
-2.5 -19.5
-2.4 -18.6
-2.3 -17.7
-2.2 -16.8
-2.1 -15.9
-2 -15
-1.9 -14.1
-1.8 -13.2
-1.7 -12.3
-1.6 -11.4
-1.5 -10.5
-1.4 -9.6
-1.3 -8.7
-1.2 -7.8
-1.1 -6.9
-1 -6
-0.9 -5.1
-0.8 -4.2
-0.7 -3.3
-0.6 -2.4
-0.5 -1.5
-0.4 -0.6
-0.3 0.3
-0.2 1.2
-0.1 2.1
-1.87905e-14 3
0.1 3.9
0.2 4.8
0.3 5.7
0.4 6.6
0.5 7.5
0.6 8.4
0.7 9.3
0.8 10.2
0.9 11.1
1 12
1.1 12.9
1.2 13.8
1.3 14.7
1.4 15.6
1.5 16.5
1.6 17.4
1.7 18.3
1.8 19.2
1.9 20.1
2 21
2.1 21.9
2.2 22.8
2.3 23.7
2.4 24.6
2.5 25.5
2.6 26.4
2.7 27.3
2.8 28.2
2.9 29.1
3 30
3.1 30.9
3.2 31.8
3.3 32.7
3.4 33.6
3.5 34.5
3.6 35.4
3.7 36.3
3.8 37.2
3.9 38.1
4 39
4.1 39.9
4.2 40.8
4.3 41.7
4.4 42.6
4.5 43.5
4.6 44.4
4.7 45.3
4.8 46.2
4.9 47.1
5 48
5.1 48.9
5.2 49.8
5.3 50.7
5.4 51.6
5.5 52.5
5.6 53.4
5.7 54.3
5.8 55.2
5.9 56.1
6 57
6.1 57.9
6.2 58.8
6.3 59.7
6.4 60.6
6.5 61.5
6.6 62.4
6.7 63.3
6.8 64.2
6.9 65.1
7 66
7.1 66.9
7.2 67.8
7.3 68.7
7.4 69.6
7.5 70.5
7.6 71.4
7.7 72.3
7.8 73.2
7.9 74.1
8 75
8.1 75.9
8.2 76.8
8.3 77.7
8.4 78.6
8.5 79.5
8.6 80.4
8.7 81.3
8.8 82.2
8.9 83.1
9 84
9.1 84.9
9.2 85.8
9.3 86.7
9.4 87.6
9.5 88.5
9.6 89.4
9.7 90.3
9.8 91.2
9.9 92.1
10 93
