-10 421
-9.9 412.345
-9.8 403.78
-9.7 395.305
-9.6 386.92
-9.5 378.625
-9.4 370.42
-9.3 362.305
-9.2 354.28
-9.1 346.345
-9 338.5
-8.9 330.745
-8.8 323.08
-8.7 315.505
-8.6 308.02
-8.5 300.625
-8.4 293.32
-8.3 286.105
-8.2 278.98
-8.1 271.945
-8 265
-7.9 258.145
-7.8 251.38
-7.7 244.705
-7.6 238.12
-7.5 231.625
-7.4 225.22
-7.3 218.905
-7.2 212.68
-7.1 206.545
-7 200.5
-6.9 194.545
-6.8 188.68
-6.7 182.905
-6.6 177.22
-6.5 171.625
-6.4 166.12
-6.3 160.705
-6.2 155.38
-6.1 150.145
-6 145
-5.9 139.945
-5.8 134.98
-5.7 130.105
-5.6 125.32
-5.5 120.625
-5.4 116.02
-5.3 111.505
-5.2 107.08
-5.1 102.745
-5 98.5
-4.9 94.345
-4.8 90.28
-4.7 86.305
-4.6 82.42
-4.5 78.625
-4.4 74.92
-4.3 71.305
-4.2 67.78
-4.1 64.345
-4 61
-3.9 57.745
-3.8 54.58
-3.7 51.505
-3.6 48.52
-3.5 45.625
-3.4 42.82
-3.3 40.105
-3.2 37.48
-3.1 34.945
-3 32.5
-2.9 30.145
-2.8 27.88
-2.7 25.705
-2.6 23.62
-2.5 21.625
-2.4 19.72
-2.3 17.905
-2.2 16.18
-2.1 14.545
-2 13
-1.9 11.545
-1.8 10.18
-1.7 8.905
-1.6 7.72
-1.5 6.625
-1.4 5.62
-1.3 4.705
-1.2 3.88
-1.1 3.145
-1 2.5
-0.9 1.945
-0.8 1.48
-0.7 1.105
-0.6 0.82
-0.5 0.625
-0.4 0.52
-0.3 0.505
-0.2 0.58
-0.1 0.745
-1.87905e-14 1
0.1 1.345
0.2 1.78
0.3 2.305
0.4 2.92
0.5 3.625
0.6 4.42
0.7 5.305
0.8 6.28
0.9 7.345
1 8.5
1.1 9.745
1.2 11.08
1.3 12.505
1.4 14.02
1.5 15.625
1.6 17.32
1.7 19.105
1.8 20.98
1.9 22.945
2 25
2.1 27.145
2.2 29.38
2.3 31.705
2.4 34.12
2.5 36.625
2.6 39.22
2.7 41.905
2.8 44.68
2.9 47.545
3 50.5
3.1 53.545
3.2 56.68
3.3 59.905
3.4 63.22
3.5 66.625
3.6 70.12
3.7 73.705
3.8 77.38
3.9 81.145
4 85
4.1 88.945
4.2 92.98
4.3 97.105
4.4 101.32
4.5 105.625
4.6 110.02
4.7 114.505
4.8 119.08
4.9 123.745
5 128.5
5.1 133.345
5.2 138.28
5.3 143.305
5.4 148.42
5.5 153.625
5.6 158.92
5.7 164.305
5.8 169.78
5.9 175.345
6 181
6.1 186.745
6.2 192.58
6.3 198.505
6.4 204.52
6.5 210.625
6.6 216.82
6.7 223.105
6.8 229.48
6.9 235.945
7 242.5
7.1 249.145
7.2 255.88
7.3 262.705
7.4 269.62
7.5 276.625
7.6 283.72
7.7 290.905
7.8 298.18
7.9 305.545
8 313
8.1 320.545
8.2 328.18
8.3 335.905
8.4 343.72
8.5 351.625
8.6 359.62
8.7 367.705
8.8 375.88
8.9 384.145
9 392.5
9.1 400.945
9.2 409.48
9.3 418.105
9.4 426.82
9.5 435.625
9.6 444.52
9.7 453.505
9.8 462.58
9.9 471.745
10 481
