0.000000000000000e+00 -0.000000000000000e+00 -0.000000000000000e+00
2.000000000000000e-02 -7.998933365332928e-02 -7.998933357333764e-02
4.000000000000000e-02 -1.599146769061466e-01 -1.599146767462060e-01
6.000000000000000e-02 -2.397120777511137e-01 -2.397120775113093e-01
8.000000000000000e-02 -3.193176609467645e-01 -3.193176606272242e-01
1.000000000000000e-01 -3.986676663492615e-01 -3.986676659501558e-01
1.200000000000000e-01 -4.776984871827666e-01 -4.776984867043084e-01
1.400000000000000e-01 -5.563467082280114e-01 -5.563467076704570e-01
1.600000000000000e-01 -6.345491439086925e-01 -6.345491432723382e-01
1.800000000000000e-01 -7.122428762553721e-01 -7.122428755405580e-01
2.000000000000000e-01 -7.893652927266190e-01 -7.893652919337258e-01
2.200000000000000e-01 -8.658541238672050e-01 -8.658541229966571e-01
2.400000000000000e-01 -9.416474807832433e-01 -9.416474798355035e-01
2.600000000000000e-01 -1.016683892414257e+00 -1.016683891389832e+00
2.800000000000000e-01 -1.090902342582259e+00 -1.090902341481696e+00
3.000000000000000e-01 -1.164242306798043e+00 -1.164242305621926e+00
3.200000000000000e-01 -1.236643788804998e+00 -1.236643787553961e+00
3.400000000000000e-01 -1.308047356840904e+00 -1.308047355515611e+00
3.600000000000000e-01 -1.378394179598293e+00 -1.378394178199456e+00
3.800000000000001e-01 -1.447626061864113e+00 -1.447626060392470e+00
4.000000000000001e-01 -1.515685479819609e+00 -1.515685478275960e+00
4.200000000000001e-01 -1.582515615981479e+00 -1.582515614366642e+00
4.400000000000001e-01 -1.648060393765567e+00 -1.648060392080404e+00
4.600000000000001e-01 -1.712264511654523e+00 -1.712264509899936e+00
4.800000000000001e-01 -1.775073476951079e+00 -1.775073475128008e+00
5.000000000000001e-01 -1.836433639098779e+00 -1.836433637208194e+00
5.200000000000001e-01 -1.896292222552230e+00 -1.896292220595155e+00
5.400000000000001e-01 -1.954597359179157e+00 -1.954597357156627e+00
5.600000000000002e-01 -2.011298120176793e+00 -2.011298118089905e+00
5.800000000000002e-01 -2.066344547485365e+00 -2.066344545335211e+00
6.000000000000002e-01 -2.119687684681685e+00 -2.119687682469450e+00
6.200000000000002e-01 -2.171279607336153e+00 -2.171279605063011e+00
6.400000000000002e-01 -2.221073452816679e+00 -2.221073450483837e+00
6.600000000000003e-01 -2.269023449523390e+00 -2.269023447132115e+00
6.800000000000003e-01 -2.315084945538199e+00 -2.315084943089764e+00
7.000000000000003e-01 -2.359214436673667e+00 -2.359214434169388e+00
7.200000000000003e-01 -2.401369593905836e+00 -2.401369591347057e+00
7.400000000000003e-01 -2.441509290176081e+00 -2.441509287564192e+00
7.600000000000003e-01 -2.479593626547279e+00 -2.479593623883662e+00
7.800000000000004e-01 -2.515583957699974e+00 -2.515583954986086e+00
8.000000000000004e-01 -2.549442916754511e+00 -2.549442913991793e+00
8.200000000000004e-01 -2.581134439405479e+00 -2.581134436595421e+00
8.400000000000004e-01 -2.610623787355117e+00 -2.610623784499231e+00
8.600000000000004e-01 -2.637877571032724e+00 -2.637877568132583e+00
8.800000000000004e-01 -2.662863771587440e+00 -2.662863768644562e+00
9.000000000000005e-01 -2.685551762142163e+00 -2.685551759158156e+00
9.200000000000005e-01 -2.705912328296704e+00 -2.705912325273174e+00
9.400000000000005e-01 -2.723917687868694e+00 -2.723917684807298e+00
9.600000000000005e-01 -2.739541509861114e+00 -2.739541506763467e+00
9.800000000000005e-01 -2.752758932645727e+00 -2.752758929513545e+00
1.000000000000000e+00 -2.763546581352073e+00 -2.763546578187027e+00
1.020000000000000e+00 -2.771882584452091e+00 -2.771882581255897e+00
1.040000000000000e+00 -2.777746589530856e+00 -2.777746586305258e+00
1.060000000000000e+00 -2.781119778234291e+00 -2.781119774981024e+00
1.080000000000001e+00 -2.781984880385173e+00 -2.781984877106011e+00
1.100000000000001e+00 -2.780326187259141e+00 -2.780326183955863e+00
1.120000000000001e+00 -2.776129564012845e+00 -2.776129560687250e+00
1.140000000000001e+00 -2.769382461256823e+00 -2.769382457910730e+00
1.160000000000001e+00 -2.760073925766087e+00 -2.760073922401307e+00
1.180000000000001e+00 -2.748194610321881e+00 -2.748194606940261e+00
1.200000000000001e+00 -2.733736782678469e+00 -2.733736779281859e+00
1.220000000000001e+00 -2.716694333649289e+00 -2.716694330239496e+00
1.240000000000001e+00 -2.697062784307242e+00 -2.697062780886213e+00
1.260000000000001e+00 -2.674839292294320e+00 -2.674839288863854e+00
1.280000000000001e+00 -2.650022657236255e+00 -2.650022653798271e+00
1.300000000000001e+00 -2.622613325258312e+00 -2.622613321814671e+00
1.320000000000001e+00 -2.592613392598794e+00 -2.592613389151403e+00
1.340000000000001e+00 -2.560026608317309e+00 -2.560026604868063e+00
1.360000000000001e+00 -2.524858376095292e+00 -2.524858372646096e+00
1.380000000000001e+00 -2.487115755126741e+00 -2.487115751679481e+00
1.400000000000001e+00 -2.446807460097594e+00 -2.446807456654199e+00
1.420000000000001e+00 -2.403943860252626e+00 -2.403943856814938e+00
1.440000000000001e+00 -2.358536977549230e+00 -2.358536974119237e+00
1.460000000000001e+00 -2.310600483897891e+00 -2.310600480477409e+00
1.480000000000001e+00 -2.260149697489634e+00 -2.260149694080649e+00
1.500000000000001e+00 -2.207201578211215e+00 -2.207201574815561e+00
1.520000000000001e+00 -2.151774722149244e+00 -2.151774718768795e+00
1.540000000000001e+00 -2.093889355184951e+00 -2.093889351821654e+00
1.560000000000001e+00 -2.033567325681724e+00 -2.033567322337419e+00
1.580000000000001e+00 -1.970832096268043e+00 -1.970832092944589e+00
1.600000000000001e+00 -1.905708734718883e+00 -1.905708731418191e+00
1.620000000000001e+00 -1.838223903939132e+00 -1.838223900662987e+00
1.640000000000001e+00 -1.768405851053020e+00 -1.768405847803345e+00
1.660000000000001e+00 -1.696284395604026e+00 -1.696284392382600e+00
1.680000000000001e+00 -1.621890916870181e+00 -1.621890913678803e+00
1.700000000000001e+00 -1.545258340300149e+00 -1.545258337140702e+00
1.720000000000001e+00 -1.466421123075907e+00 -1.466421119950120e+00
1.740000000000001e+00 -1.385415238808315e+00 -1.385415235717942e+00
1.760000000000001e+00 -1.302278161372294e+00 -1.302278158319181e+00
1.780000000000001e+00 -1.217048847888814e+00 -1.217048844874676e+00
1.800000000000001e+00 -1.129767720861272e+00 -1.129767717887808e+00
1.820000000000001e+00 -1.040476649474352e+00 -1.040476646543283e+00
1.840000000000001e+00 -9.492189300638434e-01 -9.492189271768573e-01
1.860000000000001e+00 -8.560392657663454e-01 -8.560392629251234e-01
1.880000000000001e+00 -7.609837453582116e-01 -7.609837425644103e-01
1.900000000000001e+00 -6.640998212935101e-01 -6.640998185487320e-01
1.920000000000001e+00 -5.654362869511944e-01 -5.654362842570185e-01
1.940000000000001e+00 -4.650432531020976e-01 -4.650432504601731e-01
1.960000000000001e+00 -3.629721236067640e-01 -3.629721210185899e-01
1.980000000000001e+00 -2.592755703555454e-01 -2.592755678226588e-01
2.000000000000001e+00 -1.540075074627869e-01 -1.540075049866899e-01
2.020000000000001e+00 -4.722306472731352e-02 -4.722306230947234e-02
2.040000000000001e+00 6.102143962816897e-02 6.102144198624945e-02
2.060000000000001e+00 1.706685269257804e-01 1.706685292227506e-01
2.080000000000001e+00 2.816595866959100e-01 2.816595889303386e-01
2.100000000000001e+00 3.939349060216617e-01 3.939349081921913e-01
2.120000000000001e+00 5.074336995502147e-01 5.074337016555056e-01
2.140000000000001e+00 6.220941401566260e-01 6.220941421954099e-01
2.160000000000001e+00 7.378533902452882e-01 7.378533922163144e-01
2.180000000000001e+00 8.546476336738840e-01 8.546476355758373e-01
2.200000000000002e+00 9.724121082843495e-01 9.724121101161461e-01
2.220000000000002e+00 1.091081139025043e+00 1.091081140785455e+00
2.240000000000002e+00 1.210588171647974e+00 1.210588173335865e+00
2.260000000000002e+00 1.330865806964649e+00 1.330865808578952e+00
2.280000000000002e+00 1.451845835643774e+00 1.451845837183422e+00
2.300000000000002e+00 1.573459273533761e+00 1.573459274997765e+00
2.320000000000002e+00 1.695636397492696e+00 1.695636398880018e+00
2.340000000000002e+00 1.818306781708140e+00 1.818306783017854e+00
2.360000000000002e+00 1.941399334488867e+00 1.941399335720077e+00
2.380000000000002e+00 2.064842335510364e+00 2.064842336662202e+00
2.400000000000002e+00 2.188563473495687e+00 2.188563474567303e+00
2.420000000000002e+00 2.312489884312985e+00 2.312489885303604e+00
2.440000000000002e+00 2.436548189470807e+00 2.436548190379687e+00
2.460000000000002e+00 2.560664534992028e+00 2.560664535818454e+00
2.480000000000002e+00 2.684764630647062e+00 2.684764631390365e+00
